SourceName	CustomerName	FlowUnits	Distance	FlowXDistance	ScenarioID	ScenarioStepNumber	
GREENFIELD_DC_1	Clustomer_6	8843.00000	0.00000	0.00000	0	1	
GREENFIELD_DC_1	Clustomer_82	1923.00000	154.41177	296933.83272	0	1	
GREENFIELD_DC_1	Clustomer_84	3264.00000	75.81575	247462.61865	0	1	
GREENFIELD_DC_1	Clustomer_94	2001.00000	123.89386	247911.62262	0	1	
GREENFIELD_DC_1	Clustomer_95	12189.00000	96.06469	1170932.49795	0	1	
GREENFIELD_DC_1	Clustomer_125	2982.00000	247.99358	739516.85022	0	1	
GREENFIELD_DC_1	Clustomer_138	12608.00000	146.60501	1848395.99653	0	1	
GREENFIELD_DC_1	Clustomer_153	2271.00000	156.13903	354591.73346	0	1	
GREENFIELD_DC_1	Clustomer_157	3927.00000	97.02311	381009.73820	0	1	
GREENFIELD_DC_2	Clustomer_14	15958.00000	0.00000	0.00000	0	1	
GREENFIELD_DC_2	Clustomer_30	21906.00000	23.60070	516996.96414	0	1	
GREENFIELD_DC_2	Clustomer_55	16551.00000	95.23250	1576193.18325	0	1	
GREENFIELD_DC_2	Clustomer_61	11979.00000	120.60602	1444739.46318	0	1	
GREENFIELD_DC_2	Clustomer_70	5254.00000	66.19994	347814.47091	0	1	
GREENFIELD_DC_3	Clustomer_19	12014.00000	0.00000	0.00000	0	1	
GREENFIELD_DC_3	Clustomer_22	21225.00000	93.45230	1983525.12530	0	1	
GREENFIELD_DC_3	Clustomer_24	34988.00000	94.41179	3303279.65583	0	1	
GREENFIELD_DC_3	Clustomer_25	6405.00000	67.68013	433491.22718	0	1	
GREENFIELD_DC_3	Clustomer_26	3603.00000	98.33470	354299.90864	0	1	
GREENFIELD_DC_3	Clustomer_52	11025.00000	98.44458	1085351.45171	0	1	
GREENFIELD_DC_3	Clustomer_71	12070.00000	67.67894	816884.83845	0	1	
GREENFIELD_DC_3	Clustomer_78	3018.00000	49.20187	148491.25103	0	1	
GREENFIELD_DC_4	Clustomer_20	7428.00000	31.82741	236414.00936	0	1	
GREENFIELD_DC_4	Clustomer_23	11745.00000	0.00000	0.00000	0	1	
GREENFIELD_DC_4	Clustomer_27	8217.00000	55.28374	454266.48422	0	1	
GREENFIELD_DC_4	Clustomer_34	47304.00000	88.58359	4190358.10327	0	1	
GREENFIELD_DC_4	Clustomer_40	13134.00000	32.57364	427822.16768	0	1	
GREENFIELD_DC_4	Clustomer_74	2796.00000	86.18119	240962.59384	0	1	
GREENFIELD_DC_4	Clustomer_114	8244.00000	152.80694	1259740.43970	0	1	
GREENFIELD_DC_4	Clustomer_144	41130.00000	210.51292	8658396.34450	0	1	
GREENFIELD_DC_4	Clustomer_150	2508.00000	74.50906	186868.72055	0	1	
GREENFIELD_DC_4	Clustomer_168	2073.00000	198.97048	412465.80599	0	1	
GREENFIELD_DC_5	Clustomer_7	8907.00000	67.91391	604909.15396	0	1	
GREENFIELD_DC_5	Clustomer_13	20352.00000	185.27814	3770780.80020	0	1	
GREENFIELD_DC_5	Clustomer_29	10062.00000	80.95999	814619.43442	0	1	
GREENFIELD_DC_5	Clustomer_33	12792.00000	0.00000	0.00000	0	1	
GREENFIELD_DC_5	Clustomer_111	3345.00000	58.71309	196395.27295	0	1	
GREENFIELD_DC_5	Clustomer_172	1776.00000	135.94470	241437.78326	0	1	
GREENFIELD_DC_6	Clustomer_16	9921.00000	32.21803	319635.07199	0	1	
GREENFIELD_DC_6	Clustomer_39	46525.00000	0.00000	0.00000	0	1	
GREENFIELD_DC_6	Clustomer_93	2106.00000	242.51368	510733.81156	0	1	
GREENFIELD_DC_6	Clustomer_101	7845.00000	139.43952	1093903.03670	0	1	
GREENFIELD_DC_6	Clustomer_117	1734.00000	213.68002	370521.15975	0	1	
GREENFIELD_DC_6	Clustomer_132	3888.00000	141.78375	551255.22980	0	1	
GREENFIELD_DC_6	Clustomer_135	9915.00000	94.51663	937132.39149	0	1	
GREENFIELD_DC_6	Clustomer_142	1917.00000	153.65643	294559.38073	0	1	
GREENFIELD_DC_6	Clustomer_148	2547.00000	94.88590	241674.38425	0	1	
GREENFIELD_DC_6	Clustomer_149	5322.00000	306.75089	1632528.21459	0	1	
GREENFIELD_DC_6	Clustomer_156	1686.00000	84.67903	142768.84403	0	1	
GREENFIELD_DC_6	Clustomer_159	1938.00000	208.83838	404728.78049	0	1	
GREENFIELD_DC_7	Clustomer_42	45138.00000	0.00000	0.00000	0	1	
GREENFIELD_DC_7	Clustomer_53	8307.00000	25.20532	209380.56147	0	1	
GREENFIELD_DC_7	Clustomer_80	9099.00000	378.67203	3445536.77208	0	1	
GREENFIELD_DC_7	Clustomer_105	10818.00000	395.40362	4277476.34637	0	1	
GREENFIELD_DC_7	Clustomer_110	6362.00000	363.71887	2313979.47732	0	1	
GREENFIELD_DC_7	Clustomer_166	8670.00000	117.95744	1022690.98228	0	1	
GREENFIELD_DC_8	Clustomer_8	10354.00000	368.14920	3811816.84800	0	1	
GREENFIELD_DC_8	Clustomer_18	10356.00000	45.71700	473445.21125	0	1	
GREENFIELD_DC_8	Clustomer_35	31668.00000	25.26650	800139.56366	0	1	
GREENFIELD_DC_8	Clustomer_38	11514.00000	230.40657	2652901.25496	0	1	
GREENFIELD_DC_8	Clustomer_44	21366.00000	0.00000	0.00000	0	1	
GREENFIELD_DC_8	Clustomer_79	1950.00000	168.63026	328828.99990	0	1	
GREENFIELD_DC_8	Clustomer_81	3177.00000	377.94842	1200742.13320	0	1	
GREENFIELD_DC_8	Clustomer_119	4710.00000	313.28246	1475560.38554	0	1	
GREENFIELD_DC_8	Clustomer_131	3825.00000	329.56625	1260590.90163	0	1	
GREENFIELD_DC_8	Clustomer_139	7694.00000	188.92353	1453577.65468	0	1	
GREENFIELD_DC_8	Clustomer_154	3321.00000	230.32292	764902.41065	0	1	
GREENFIELD_DC_8	Clustomer_163	2239.00000	218.13513	488404.56275	0	1	
GREENFIELD_DC_8	Clustomer_167	6531.00000	293.61572	1917604.26755	0	1	
GREENFIELD_DC_8	Clustomer_169	2079.00000	87.81465	182566.66176	0	1	
GREENFIELD_DC_8	Clustomer_170	1743.00000	137.94249	240433.76800	0	1	
GREENFIELD_DC_9	Clustomer_32	14343.00000	18.82916	270066.57956	0	1	
GREENFIELD_DC_9	Clustomer_41	54544.00000	93.70883	5111254.62774	0	1	
GREENFIELD_DC_9	Clustomer_46	149517.00000	0.00000	0.00000	0	1	
GREENFIELD_DC_9	Clustomer_51	18579.00000	77.48139	1439526.83060	0	1	
GREENFIELD_DC_9	Clustomer_65	1968.00000	87.41411	172030.96391	0	1	
GREENFIELD_DC_9	Clustomer_76	7348.00000	60.88651	447394.04840	0	1	
GREENFIELD_DC_9	Clustomer_161	2421.00000	223.89421	542047.89018	0	1	
GREENFIELD_DC_10	Clustomer_3	10332.00000	55.57032	574152.59310	0	1	
GREENFIELD_DC_10	Clustomer_5	98333.00000	31.76949	3123989.41595	0	1	
GREENFIELD_DC_10	Clustomer_9	25563.00000	40.57469	1037210.91808	0	1	
GREENFIELD_DC_10	Clustomer_21	7122.00000	72.44086	515923.82513	0	1	
GREENFIELD_DC_10	Clustomer_48	17640.00000	266.52506	4701502.04259	0	1	
GREENFIELD_DC_10	Clustomer_50	26928.00000	0.00000	0.00000	0	1	
GREENFIELD_DC_10	Clustomer_59	5070.00000	104.81269	531400.32255	0	1	
GREENFIELD_DC_10	Clustomer_60	5157.00000	78.85207	406640.10391	0	1	
GREENFIELD_DC_10	Clustomer_62	25854.00000	96.15229	2485921.41829	0	1	
GREENFIELD_DC_10	Clustomer_69	9754.00000	92.56400	902869.28540	0	1	
GREENFIELD_DC_10	Clustomer_77	1932.00000	71.08928	137344.49612	0	1	
GREENFIELD_DC_10	Clustomer_86	5790.00000	152.62328	883688.77391	0	1	
GREENFIELD_DC_11	Clustomer_11	11832.00000	213.94224	2531364.59243	0	1	
GREENFIELD_DC_11	Clustomer_43	23559.00000	261.73807	6166287.25852	0	1	
GREENFIELD_DC_11	Clustomer_54	16043.00000	0.00000	0.00000	0	1	
GREENFIELD_DC_11	Clustomer_68	2214.00000	245.69374	543965.93174	0	1	
GREENFIELD_DC_11	Clustomer_83	6999.00000	163.39528	1143603.57478	0	1	
GREENFIELD_DC_11	Clustomer_87	3825.00000	389.86523	1491234.50515	0	1	
GREENFIELD_DC_11	Clustomer_96	2796.00000	158.60960	443472.44169	0	1	
GREENFIELD_DC_11	Clustomer_99	3165.00000	149.79520	474101.80358	0	1	
GREENFIELD_DC_11	Clustomer_120	3003.00000	98.80910	296723.72856	0	1	
GREENFIELD_DC_11	Clustomer_122	2892.00000	249.86004	722595.24165	0	1	
GREENFIELD_DC_11	Clustomer_136	3252.00000	243.55215	792031.60035	0	1	
GREENFIELD_DC_11	Clustomer_137	3429.00000	98.33661	337196.25081	0	1	
GREENFIELD_DC_11	Clustomer_140	5730.00000	365.47034	2094145.04556	0	1	
GREENFIELD_DC_12	Clustomer_28	17025.00000	199.93509	3403894.91925	0	1	
GREENFIELD_DC_12	Clustomer_57	11127.00000	339.76390	3780552.92368	0	1	
GREENFIELD_DC_12	Clustomer_64	17935.00000	0.00000	0.00000	0	1	
GREENFIELD_DC_12	Clustomer_98	1809.00000	291.36065	527071.40836	0	1	
GREENFIELD_DC_12	Clustomer_104	3390.00000	143.32036	485856.03162	0	1	
GREENFIELD_DC_12	Clustomer_109	1758.00000	457.09843	803579.04123	0	1	
GREENFIELD_DC_12	Clustomer_129	4305.00000	59.10196	254433.94030	0	1	
GREENFIELD_DC_12	Clustomer_146	1779.00000	304.36233	541460.57748	0	1	
GREENFIELD_DC_12	Clustomer_155	2565.00000	190.44797	488499.04425	0	1	
GREENFIELD_DC_12	Clustomer_160	2658.00000	366.57083	974345.25563	0	1	
GREENFIELD_DC_12	Clustomer_165	2124.00000	179.22865	380681.64460	0	1	
GREENFIELD_DC_12	Clustomer_171	6372.00000	301.62452	1921951.45878	0	1	
GREENFIELD_DC_13	Clustomer_1	12902.00000	87.34938	1126981.72743	0	1	
GREENFIELD_DC_13	Clustomer_63	15822.00000	41.54670	657351.89363	0	1	
GREENFIELD_DC_13	Clustomer_67	10350.00000	0.00000	0.00000	0	1	
GREENFIELD_DC_13	Clustomer_118	2119.00000	79.84812	169198.16065	0	1	
GREENFIELD_DC_13	Clustomer_145	3405.00000	150.93434	513931.41900	0	1	
GREENFIELD_DC_13	Clustomer_151	12647.00000	98.92147	1251059.77535	0	1	
GREENFIELD_DC_14	Clustomer_17	13899.00000	221.20206	3074487.42351	0	1	
GREENFIELD_DC_14	Clustomer_49	14187.00000	50.27246	713215.43219	0	1	
GREENFIELD_DC_14	Clustomer_73	2577.00000	0.00000	0.00000	0	1	
GREENFIELD_DC_14	Clustomer_75	3306.00000	189.88864	627771.84818	0	1	
GREENFIELD_DC_14	Clustomer_90	3429.00000	409.49542	1404159.81189	0	1	
GREENFIELD_DC_14	Clustomer_107	2604.00000	72.44934	188658.07845	0	1	
GREENFIELD_DC_14	Clustomer_158	3483.00000	382.43287	1332013.69881	0	1	
GREENFIELD_DC_15	Clustomer_10	13172.00000	197.41089	2600296.19113	0	1	
GREENFIELD_DC_15	Clustomer_56	37476.00000	170.84274	6402502.38745	0	1	
GREENFIELD_DC_15	Clustomer_85	13173.00000	0.00000	0.00000	0	1	
GREENFIELD_DC_15	Clustomer_88	1971.00000	255.04362	502690.96924	0	1	
GREENFIELD_DC_15	Clustomer_91	2916.00000	349.22811	1018349.15472	0	1	
GREENFIELD_DC_15	Clustomer_124	2133.00000	72.68399	155034.95902	0	1	
GREENFIELD_DC_15	Clustomer_126	2010.00000	400.56941	805144.50619	0	1	
GREENFIELD_DC_15	Clustomer_127	3936.00000	252.19352	992633.70998	0	1	
GREENFIELD_DC_15	Clustomer_133	2166.00000	326.43854	707065.87284	0	1	
GREENFIELD_DC_15	Clustomer_134	1851.00000	332.50009	615457.66984	0	1	
GREENFIELD_DC_15	Clustomer_152	22122.00000	81.47981	1802496.38352	0	1	
GREENFIELD_DC_16	Clustomer_92	7715.00000	317.88648	2452494.21995	0	1	
GREENFIELD_DC_16	Clustomer_97	4950.00000	0.00000	0.00000	0	1	
GREENFIELD_DC_16	Clustomer_100	13116.00000	117.06543	1535430.21440	0	1	
GREENFIELD_DC_16	Clustomer_102	2358.00000	56.99016	134382.80675	0	1	
GREENFIELD_DC_16	Clustomer_108	1956.00000	213.60782	417816.89938	0	1	
GREENFIELD_DC_16	Clustomer_121	13674.00000	112.65155	1540397.35973	0	1	
GREENFIELD_DC_16	Clustomer_128	4929.00000	86.56786	426692.95843	0	1	
GREENFIELD_DC_16	Clustomer_130	9957.00000	105.10678	1046548.20735	0	1	
GREENFIELD_DC_17	Clustomer_37	11469.00000	161.98314	1857784.67901	0	1	
GREENFIELD_DC_17	Clustomer_45	10818.00000	58.68278	634830.26154	0	1	
GREENFIELD_DC_17	Clustomer_103	13436.00000	0.00000	0.00000	0	1	
GREENFIELD_DC_17	Clustomer_115	2073.00000	97.87063	202885.82074	0	1	
GREENFIELD_DC_17	Clustomer_123	13695.00000	105.14568	1439970.06953	0	1	
GREENFIELD_DC_17	Clustomer_141	1719.00000	99.09528	170344.79295	0	1	
GREENFIELD_DC_17	Clustomer_162	3024.00000	248.36117	751044.18603	0	1	
GREENFIELD_DC_18	Clustomer_4	8715.00000	141.92259	1236855.39138	0	1	
GREENFIELD_DC_18	Clustomer_36	24999.00000	67.09819	1677387.64691	0	1	
GREENFIELD_DC_18	Clustomer_58	6993.00000	420.97123	2943851.83313	0	1	
GREENFIELD_DC_18	Clustomer_72	1875.00000	405.25550	759854.05412	0	1	
GREENFIELD_DC_18	Clustomer_89	1737.00000	466.41515	810163.12120	0	1	
GREENFIELD_DC_18	Clustomer_112	2400.00000	0.00000	0.00000	0	1	
GREENFIELD_DC_19	Clustomer_12	9933.00000	69.76957	693021.08954	0	1	
GREENFIELD_DC_19	Clustomer_47	10869.00000	187.68486	2039946.69597	0	1	
GREENFIELD_DC_19	Clustomer_106	1695.00000	89.76790	152156.59382	0	1	
GREENFIELD_DC_19	Clustomer_143	5094.00000	66.13367	336884.92439	0	1	
GREENFIELD_DC_19	Clustomer_147	3510.00000	246.49753	865206.31937	0	1	
GREENFIELD_DC_19	Clustomer_173	6954.00000	0.00000	0.00000	0	1	
MFG_ANN ARBOR_MI	Clustomer_2	4495.00000	60.33426	271202.50641	0	1	
MFG_ANN ARBOR_MI	Clustomer_15	3670.00000	92.69011	340172.71375	0	1	
MFG_ANN ARBOR_MI	Clustomer_31	32751.00000	45.96641	1505446.01908	0	1	
MFG_ANN ARBOR_MI	Clustomer_66	1899.00000	0.62661	1189.93197	0	1	
MFG_ANN ARBOR_MI	Clustomer_113	4227.00000	128.38047	542664.22808	0	1	
MFG_ANN ARBOR_MI	Clustomer_116	3135.00000	127.25107	398932.11206	0	1	
MFG_ANN ARBOR_MI	Clustomer_164	4788.00000	53.22328	254833.06252	0	1	
