0	1	1	02/01/2016 00:00:00	"TRUCK"		AVAILABLEUNITS	98.137206	97.193237	6.988006	92.000000	100.000000	100.000000	20119.000000	1
0	1	1	02/01/2016 00:00:00	"TRUCK"		UTILIZEDUNITS	0.931397	2.257282	1.668329	0.000000	7.000000	0.000000	465.000000	1
0	1	1	02/01/2016 00:00:00	"TRUCK"		SETUPUNITS	0.931397	1.305825	1.368390	0.000000	8.000000	0.000000	538.000000	1
0	1	1	02/01/2016 00:00:00	"TRUCK"		SCHEDULEDDOWNUNITS	0.000000	0.000000	0.000000	0.000000	0.000000	0.000000	0.000000	1
0	1	1	02/01/2016 00:00:00	"TRUCK"		UNSCHEDULEDDOWNUNITS	0.000000	0.000000	0.000000	0.000000	0.000000	0.000000	0.000000	1
0	1	1	02/01/2016 00:00:00	"TRUCK"		DESTROYEDUNITS	0.000000	0.000000	0.000000	0.000000	0.000000	0.000000	0.000000	1
0	1	1	03/01/2016 00:00:00	"TRUCK"		AVAILABLEUNITS	98.193653	97.280423	7.259417	93.000000	100.000000	100.000000	18386.000000	2
0	1	1	03/01/2016 00:00:00	"TRUCK"		UTILIZEDUNITS	0.903174	2.052910	1.542126	0.000000	7.000000	0.000000	388.000000	2
0	1	1	03/01/2016 00:00:00	"TRUCK"		SETUPUNITS	0.903174	1.251989	1.219928	0.000000	6.000000	0.000000	472.000000	2
0	1	1	03/01/2016 00:00:00	"TRUCK"		SCHEDULEDDOWNUNITS	0.000000	0.000000	0.000000	0.000000	0.000000	0.000000	0.000000	2
0	1	1	03/01/2016 00:00:00	"TRUCK"		UNSCHEDULEDDOWNUNITS	0.000000	0.000000	0.000000	0.000000	0.000000	0.000000	0.000000	2
0	1	1	03/01/2016 00:00:00	"TRUCK"		DESTROYEDUNITS	0.000000	0.000000	0.000000	0.000000	0.000000	0.000000	0.000000	2
0	1	1	04/01/2016 00:00:00	"TRUCK"		AVAILABLEUNITS	98.567251	97.737430	7.438635	94.000000	100.000000	100.000000	17495.000000	3
0	1	1	04/01/2016 00:00:00	"TRUCK"		UTILIZEDUNITS	0.716375	1.703911	1.297413	0.000000	6.000000	0.000000	305.000000	3
0	1	1	04/01/2016 00:00:00	"TRUCK"		SETUPUNITS	0.716375	1.030812	1.035316	0.000000	5.000000	0.000000	368.000000	3
0	1	1	04/01/2016 00:00:00	"TRUCK"		SCHEDULEDDOWNUNITS	0.000000	0.000000	0.000000	0.000000	0.000000	0.000000	0.000000	3
0	1	1	04/01/2016 00:00:00	"TRUCK"		UNSCHEDULEDDOWNUNITS	0.000000	0.000000	0.000000	0.000000	0.000000	0.000000	0.000000	3
0	1	1	04/01/2016 00:00:00	"TRUCK"		DESTROYEDUNITS	0.000000	0.000000	0.000000	0.000000	0.000000	0.000000	0.000000	3
0	1	1	05/01/2016 00:00:00	"TRUCK"		AVAILABLEUNITS	98.307953	97.391960	7.121849	92.000000	100.000000	100.000000	19381.000000	4
0	1	1	05/01/2016 00:00:00	"TRUCK"		UTILIZEDUNITS	0.846024	2.075377	1.686287	0.000000	8.000000	0.000000	413.000000	4
0	1	1	05/01/2016 00:00:00	"TRUCK"		SETUPUNITS	0.846024	1.229219	1.370930	0.000000	8.000000	0.000000	488.000000	4
0	1	1	05/01/2016 00:00:00	"TRUCK"		SCHEDULEDDOWNUNITS	0.000000	0.000000	0.000000	0.000000	0.000000	0.000000	0.000000	4
0	1	1	05/01/2016 00:00:00	"TRUCK"		UNSCHEDULEDDOWNUNITS	0.000000	0.000000	0.000000	0.000000	0.000000	0.000000	0.000000	4
0	1	1	05/01/2016 00:00:00	"TRUCK"		DESTROYEDUNITS	0.000000	0.000000	0.000000	0.000000	0.000000	0.000000	0.000000	4
0	1	1	06/01/2016 00:00:00	"TRUCK"		AVAILABLEUNITS	98.919873	97.868613	8.470488	95.000000	100.000000	100.000000	13408.000000	5
0	1	1	06/01/2016 00:00:00	"TRUCK"		UTILIZEDUNITS	0.540063	1.401460	1.155500	0.000000	5.000000	0.000000	192.000000	5
0	1	1	06/01/2016 00:00:00	"TRUCK"		SETUPUNITS	0.540063	0.901099	0.910520	0.000000	5.000000	0.000000	246.000000	5
0	1	1	06/01/2016 00:00:00	"TRUCK"		SCHEDULEDDOWNUNITS	0.000000	0.000000	0.000000	0.000000	0.000000	0.000000	0.000000	5
0	1	1	06/01/2016 00:00:00	"TRUCK"		UNSCHEDULEDDOWNUNITS	0.000000	0.000000	0.000000	0.000000	0.000000	0.000000	0.000000	5
0	1	1	06/01/2016 00:00:00	"TRUCK"		DESTROYEDUNITS	0.000000	0.000000	0.000000	0.000000	0.000000	0.000000	0.000000	5
0	1	1	07/01/2016 00:00:00	"TRUCK"		AVAILABLEUNITS	98.878780	97.854015	8.458175	96.000000	100.000000	100.000000	13406.000000	6
0	1	1	07/01/2016 00:00:00	"TRUCK"		UTILIZEDUNITS	0.560610	1.416058	1.071477	0.000000	4.000000	0.000000	194.000000	6
0	1	1	07/01/2016 00:00:00	"TRUCK"		SETUPUNITS	0.560610	0.871795	0.839747	0.000000	4.000000	0.000000	238.000000	6
0	1	1	07/01/2016 00:00:00	"TRUCK"		SCHEDULEDDOWNUNITS	0.000000	0.000000	0.000000	0.000000	0.000000	0.000000	0.000000	6
0	1	1	07/01/2016 00:00:00	"TRUCK"		UNSCHEDULEDDOWNUNITS	0.000000	0.000000	0.000000	0.000000	0.000000	0.000000	0.000000	6
0	1	1	07/01/2016 00:00:00	"TRUCK"		DESTROYEDUNITS	0.000000	0.000000	0.000000	0.000000	0.000000	0.000000	0.000000	6
0	1	1	08/01/2016 00:00:00	"TRUCK"		AVAILABLEUNITS	98.839420	97.943262	8.344339	95.000000	100.000000	100.000000	13810.000000	7
0	1	1	08/01/2016 00:00:00	"TRUCK"		UTILIZEDUNITS	0.580290	1.347518	1.058474	0.000000	5.000000	0.000000	190.000000	7
0	1	1	08/01/2016 00:00:00	"TRUCK"		SETUPUNITS	0.580290	0.861210	0.899955	0.000000	5.000000	0.000000	242.000000	7
0	1	1	08/01/2016 00:00:00	"TRUCK"		SCHEDULEDDOWNUNITS	0.000000	0.000000	0.000000	0.000000	0.000000	0.000000	0.000000	7
0	1	1	08/01/2016 00:00:00	"TRUCK"		UNSCHEDULEDDOWNUNITS	0.000000	0.000000	0.000000	0.000000	0.000000	0.000000	0.000000	7
0	1	1	08/01/2016 00:00:00	"TRUCK"		DESTROYEDUNITS	0.000000	0.000000	0.000000	0.000000	0.000000	0.000000	0.000000	7
0	1	1	09/01/2016 00:00:00	"TRUCK"		AVAILABLEUNITS	98.953351	97.875969	8.709798	96.000000	100.000000	100.000000	12626.000000	8
0	1	1	09/01/2016 00:00:00	"TRUCK"		UTILIZEDUNITS	0.523324	1.348837	1.016539	0.000000	4.000000	0.000000	174.000000	8
0	1	1	09/01/2016 00:00:00	"TRUCK"		SETUPUNITS	0.523324	0.879377	0.858151	0.000000	4.000000	0.000000	226.000000	8
0	1	1	09/01/2016 00:00:00	"TRUCK"		SCHEDULEDDOWNUNITS	0.000000	0.000000	0.000000	0.000000	0.000000	0.000000	0.000000	8
0	1	1	09/01/2016 00:00:00	"TRUCK"		UNSCHEDULEDDOWNUNITS	0.000000	0.000000	0.000000	0.000000	0.000000	0.000000	0.000000	8
0	1	1	09/01/2016 00:00:00	"TRUCK"		DESTROYEDUNITS	0.000000	0.000000	0.000000	0.000000	0.000000	0.000000	0.000000	8
0	1	1	10/01/2016 00:00:00	"TRUCK"		AVAILABLEUNITS	99.032836	97.789916	9.079364	95.000000	100.000000	100.000000	11637.000000	9
0	1	1	10/01/2016 00:00:00	"TRUCK"		UTILIZEDUNITS	0.483582	1.369748	1.187226	0.000000	5.000000	0.000000	163.000000	9
0	1	1	10/01/2016 00:00:00	"TRUCK"		SETUPUNITS	0.483582	0.886076	0.909222	0.000000	5.000000	0.000000	210.000000	9
0	1	1	10/01/2016 00:00:00	"TRUCK"		SCHEDULEDDOWNUNITS	0.000000	0.000000	0.000000	0.000000	0.000000	0.000000	0.000000	9
0	1	1	10/01/2016 00:00:00	"TRUCK"		UNSCHEDULEDDOWNUNITS	0.000000	0.000000	0.000000	0.000000	0.000000	0.000000	0.000000	9
0	1	1	10/01/2016 00:00:00	"TRUCK"		DESTROYEDUNITS	0.000000	0.000000	0.000000	0.000000	0.000000	0.000000	0.000000	9
0	1	1	11/01/2016 00:00:00	"TRUCK"		AVAILABLEUNITS	98.993294	97.936000	8.851435	96.000000	100.000000	100.000000	12242.000000	10
0	1	1	11/01/2016 00:00:00	"TRUCK"		UTILIZEDUNITS	0.503353	1.264000	1.005139	0.000000	4.000000	0.000000	158.000000	10
0	1	1	11/01/2016 00:00:00	"TRUCK"		SETUPUNITS	0.503353	0.819277	0.803775	0.000000	4.000000	0.000000	204.000000	10
0	1	1	11/01/2016 00:00:00	"TRUCK"		SCHEDULEDDOWNUNITS	0.000000	0.000000	0.000000	0.000000	0.000000	0.000000	0.000000	10
0	1	1	11/01/2016 00:00:00	"TRUCK"		UNSCHEDULEDDOWNUNITS	0.000000	0.000000	0.000000	0.000000	0.000000	0.000000	0.000000	10
0	1	1	11/01/2016 00:00:00	"TRUCK"		DESTROYEDUNITS	0.000000	0.000000	0.000000	0.000000	0.000000	0.000000	0.000000	10
0	1	1	12/01/2016 00:00:00	"TRUCK"		AVAILABLEUNITS	98.841775	97.858156	8.341626	95.000000	100.000000	100.000000	13798.000000	11
0	1	1	12/01/2016 00:00:00	"TRUCK"		UTILIZEDUNITS	0.579112	1.432624	1.093533	0.000000	5.000000	0.000000	202.000000	11
0	1	1	12/01/2016 00:00:00	"TRUCK"		SETUPUNITS	0.579112	0.918149	0.906908	0.000000	4.000000	0.000000	258.000000	11
0	1	1	12/01/2016 00:00:00	"TRUCK"		SCHEDULEDDOWNUNITS	0.000000	0.000000	0.000000	0.000000	0.000000	0.000000	0.000000	11
0	1	1	12/01/2016 00:00:00	"TRUCK"		UNSCHEDULEDDOWNUNITS	0.000000	0.000000	0.000000	0.000000	0.000000	0.000000	0.000000	11
0	1	1	12/01/2016 00:00:00	"TRUCK"		DESTROYEDUNITS	0.000000	0.000000	0.000000	0.000000	0.000000	0.000000	0.000000	11
0	1	1	12/31/2016 23:59:00	"TRUCK"		AVAILABLEUNITS	99.005252	97.888000	8.854573	95.000000	100.000000	100.000000	12236.000000	12
0	1	1	12/31/2016 23:59:00	"TRUCK"		UTILIZEDUNITS	0.497374	1.312000	1.068951	0.000000	5.000000	0.000000	164.000000	12
0	1	1	12/31/2016 23:59:00	"TRUCK"		SETUPUNITS	0.497374	0.883534	0.899849	0.000000	5.000000	0.000000	220.000000	12
0	1	1	12/31/2016 23:59:00	"TRUCK"		SCHEDULEDDOWNUNITS	0.000000	0.000000	0.000000	0.000000	0.000000	0.000000	0.000000	12
0	1	1	12/31/2016 23:59:00	"TRUCK"		UNSCHEDULEDDOWNUNITS	0.000000	0.000000	0.000000	0.000000	0.000000	0.000000	0.000000	12
0	1	1	12/31/2016 23:59:00	"TRUCK"		DESTROYEDUNITS	0.000000	0.000000	0.000000	0.000000	0.000000	0.000000	0.000000	12
0	1	1	12/31/2016 23:59:00	"TRUCK"		AVAILABLEUNITS	98.724976	98.318107	1.372770	92.000000	100.000000	100.000000	178644.000000	ALL
0	1	1	12/31/2016 23:59:00	"TRUCK"		UTILIZEDUNITS	0.637512	1.656388	1.354058	0.000000	8.000000	0.000000	3008.000000	ALL
0	1	1	12/31/2016 23:59:00	"TRUCK"		SETUPUNITS	0.637512	1.021476	1.074115	0.000000	8.000000	0.000000	3710.000000	ALL
0	1	1	12/31/2016 23:59:00	"TRUCK"		SCHEDULEDDOWNUNITS	0.000000	0.000000	0.000000	0.000000	0.000000	0.000000	0.000000	ALL
0	1	1	12/31/2016 23:59:00	"TRUCK"		UNSCHEDULEDDOWNUNITS	0.000000	0.000000	0.000000	0.000000	0.000000	0.000000	0.000000	ALL
0	1	1	12/31/2016 23:59:00	"TRUCK"		DESTROYEDUNITS	0.000000	0.000000	0.000000	0.000000	0.000000	0.000000	0.000000	ALL
