SiteName	ProductName	PeriodName	Date	ScenarioID	ScenarioStepNumber	TargetServiceLevel	OptimizedAverageServiceLevel	ServiceType	SafetyStock	ExtraSafetyStock	USFSafetyStock	TotalSafetyStock	SafetyStockDOS	SafetyStockCost	Coverage	DemandMean	DemandStdDev	DemandClass	SourceName	DestinationName	BOMName	Mode	ServiceTime	ImmediateLeadTime	MaxLeadTime	BatchSize	RecommendedPolicy	PolicyParameter1	PolicyParameter2	ExpectedType1Service	ExpectedType2Service	ExpectedType3Service	LeadTimeDemandDistribution	LeadTimeDemandMean	LeadTimeDemandStdDev	AverageBackorders	AverageInventory	AverageOrderQty	SourcingType	RQPolicyParam1	RQPolicyParam2	BSPolicyParam1	BSPolicyParam2	sSPolicyParam1	sSPolicyParam2	TSPolicyParam1	TSPolicyParam2	SafetyStockValue	ProductSet	CycleStock	CycleStockCost	WorkInProgressInventory	WorkInProgressInventoryCost	IncomingInTransitInventory	IncomingInTransitInventoryCost	TotalInventory	TotalInventoryCost	TotalInventoryValue	Status	SubModelID
DC	Product	SINGLEPERIOD	01/06/2019	0	1	0.95000	0.00000	Type2	981.00000	0.00000	0.00000	981.00000	15.12555	1177.20000	14.00000	64.85714	143.42794	Erratic						7.00000	17.00000	454.00000	s,S	1889.00000	2343.00000	0.94480	0.95004	0.96618	Mixture of Distributions	908.00000	536.65821	13.64050	1221.64050	689.77766	Single	1889.00000	454.00000	1890.00000		1889.00000	2343.00000	0	0	9810.00000	1	227.00000	272.40000	0.00000	0.00000	454.00000	544.80000	1662.00000	1994.40000	16620.00000	Success	1
DC	Product	SINGLEPERIOD	01/13/2019	0	1	0.95000	0.00000	Type2	1100.00000	0.00000	0.00000	1100.00000	19.94819	1320.00000	14.00000	55.14286	143.42794	Erratic						7.00000	17.00000	386.00000	s,S	1872.00000	2258.00000	0.95622	0.95011	0.97064	Mixture of Distributions	772.00000	536.65821	12.78529	1305.78529	654.29121	Single	1872.00000	386.00000	1873.00000		1872.00000	2258.00000	0	0	11000.00000	1	193.00000	231.60000	0.00000	0.00000	386.00000	463.20000	1679.00000	2014.80000	16790.00000	Success	1
DC	Product	SINGLEPERIOD	01/20/2019	0	1	0.95000	0.00000	Type2	965.00000	0.00000	0.00000	965.00000	14.52688	1158.00000	14.00000	66.42857	143.42794	Erratic						7.00000	17.00000	465.00000	s,S	1895.00000	2360.00000	0.94296	0.95005	0.96555	Mixture of Distributions	930.00000	536.65821	13.74945	1211.24945	695.83918	Single	1895.00000	465.00000	1896.00000		1895.00000	2360.00000	0	0	9650.00000	1	232.50000	279.00000	0.00000	0.00000	465.00000	558.00000	1662.50000	1995.00000	16625.00000	Success	1
DC	Product	SINGLEPERIOD	01/27/2019	0	1	0.95000	0.00000	Type2	1216.00000	0.00000	0.00000	1216.00000	25.33333	1459.20000	14.00000	48.00000	143.42794	Erratic						7.00000	17.00000	336.00000	s,S	1888.00000	2224.00000	0.96436	0.95003	0.97442	Mixture of Distributions	672.00000	536.65821	11.99004	1395.99004	630.52241	Single	1888.00000	336.00000	1889.00000		1888.00000	2224.00000	0	0	12160.00000	1	168.00000	201.60000	0.00000	0.00000	336.00000	403.20000	1720.00000	2064.00000	17200.00000	Success	1
DC	Product	SINGLEPERIOD	02/03/2019	0	1	0.95000	0.00000	Type2	726.00000	0.00000	0.00000	726.00000	7.15775	871.20000	14.00000	101.42857	143.42794	Erratic						7.00000	17.00000	710.00000	s,S	2146.00000	2856.00000	0.90236	0.95014	0.95615	Mixture of Distributions	1420.00000	536.65821	15.06305	1096.06305	850.97000	Single	2146.00000	710.00000	2147.00000		2146.00000	2856.00000	0	0	7260.00000	1	355.00000	426.00000	0.00000	0.00000	710.00000	852.00000	1791.00000	2149.20000	17910.00000	Success	1
DC	Product	SINGLEPERIOD	02/10/2019	0	1	0.95000	0.00000	Type2	767.00000	0.00000	0.00000	767.00000	8.22205	920.40000	14.00000	93.28571	143.42794	Erratic						7.00000	17.00000	653.00000	s,S	2073.00000	2726.00000	0.91148	0.95001	0.95759	Mixture of Distributions	1306.00000	536.65821	14.93288	1108.43288	811.72029	Single	2073.00000	653.00000	2074.00000		2073.00000	2726.00000	0	0	7670.00000	1	326.50000	391.80000	0.00000	0.00000	653.00000	783.60000	1746.50000	2095.80000	17465.00000	Success	1
DC	Product	SINGLEPERIOD	02/17/2019	0	1	0.95000	0.00000	Type2	877.00000	0.00000	0.00000	877.00000	11.47477	1052.40000	14.00000	76.42857	143.42794	Erratic						7.00000	17.00000	535.00000	s,S	1947.00000	2482.00000	0.93117	0.95004	0.96199	Mixture of Distributions	1070.00000	536.65821	14.33095	1158.83095	736.36865	Single	1947.00000	535.00000	1948.00000		1947.00000	2482.00000	0	0	8770.00000	1	267.50000	321.00000	0.00000	0.00000	535.00000	642.00000	1679.50000	2015.40000	16795.00000	Success	1
DC	Product	SINGLEPERIOD	02/24/2019	0	1	0.95000	0.00000	Type2	2594.00000	0.00000	0.00000	2594.00000	134.50370	3112.80000	14.00000	19.28571	143.42794	Erratic						7.00000	17.00000	135.00000	s,S	2864.00000	2999.00000	0.99253	0.95003	0.99308	Mixture of Distributions	270.00000	536.65821	6.26688	2667.76688	559.18799	Single	2864.00000	135.00000	2865.00000		2864.00000	2999.00000	0	0	25940.00000	1	67.50000	81.00000	0.00000	0.00000	135.00000	162.00000	2796.50000	3355.80000	27965.00000	Success	1
DC	Product	SINGLEPERIOD	03/03/2019	0	1	0.95000	0.00000	Type2	989.00000	0.00000	0.00000	989.00000	15.41871	1186.80000	14.00000	64.14286	143.42794	Erratic						7.00000	17.00000	449.00000	s,S	1887.00000	2336.00000	0.94569	0.95010	0.96651	Mixture of Distributions	898.00000	536.65821	13.57266	1227.07266	687.05110	Single	1887.00000	449.00000	1888.00000		1887.00000	2336.00000	0	0	9890.00000	1	224.50000	269.40000	0.00000	0.00000	449.00000	538.80000	1662.50000	1995.00000	16625.00000	Success	1
DC	Product	SINGLEPERIOD	03/10/2019	0	1	0.95000	0.00000	Type2	1011.00000	0.00000	0.00000	1011.00000	16.26897	1213.20000	14.00000	62.14286	143.42794	Erratic						7.00000	17.00000	435.00000	s,S	1881.00000	2316.00000	0.94804	0.95010	0.96736	Mixture of Distributions	870.00000	536.65821	13.41838	1241.91838	679.51345	Single	1881.00000	435.00000	1882.00000		1881.00000	2316.00000	0	0	10110.00000	1	217.50000	261.00000	0.00000	0.00000	435.00000	522.00000	1663.50000	1996.20000	16635.00000	Success	1
DC	Product	SINGLEPERIOD	03/17/2019	0	1	0.95000	0.00000	Type2	1797.00000	0.00000	0.00000	1797.00000	61.36098	2156.40000	14.00000	29.28571	143.42794	Erratic						7.00000	17.00000	205.00000	s,S	2207.00000	2412.00000	0.98414	0.95005	0.98644	Mixture of Distributions	410.00000	536.65821	8.77480	1908.27480	579.03696	Single	2207.00000	205.00000	2208.00000		2207.00000	2412.00000	0	0	17970.00000	1	102.50000	123.00000	0.00000	0.00000	205.00000	246.00000	2104.50000	2525.40000	21045.00000	Success	1
DC	Product	SINGLEPERIOD	03/24/2019	0	1	0.95000	0.00000	Type2	1557.00000	0.00000	0.00000	1557.00000	44.66803	1868.40000	14.00000	34.85714	143.42794	Erratic						7.00000	17.00000	244.00000	s,S	2045.00000	2289.00000	0.97865	0.95006	0.98265	Mixture of Distributions	488.00000	536.65821	9.91770	1688.91770	592.57605	Single	2045.00000	244.00000	2046.00000		2045.00000	2289.00000	0	0	15570.00000	1	122.00000	146.40000	0.00000	0.00000	244.00000	292.80000	1923.00000	2307.60000	19230.00000	Success	1
MFG	Product	SINGLEPERIOD	12/30/2018	0	1	0.95000	0.00000	Type2	0.00000	0.00000	0.00000	0.00000	0.00000	0.00000	0.00000	95.28571	143.42794	Erratic						7.00000	10.00000	667.00000	s,S	0	667.00000				Mixture of Distributions	0.00000	0.00000	0.00000	334.00000	821.19792	Single	0	667.00000	0		0	667.00000	0.00000	0.00000	0.00000	1	333.50000	400.20000	333.50000	400.20000	0.00000	0.00000	667.00000	800.40000	6670.00000	Success	1
MFG	Product	SINGLEPERIOD	01/06/2019	0	1	0.95000	0.00000	Type2	0.00000	0.00000	0.00000	0.00000	0.00000	0.00000	0.00000	73.00000	143.42794	Erratic						7.00000	10.00000	511.00000	s,S	0	511.00000				Mixture of Distributions	0.00000	0.00000	0.00000	256.00000	722.10148	Single	0	511.00000	0		0	511.00000	0.00000	0.00000	0.00000	1	255.50000	306.60000	255.50000	306.60000	0.00000	0.00000	511.00000	613.20000	5110.00000	Success	1
MFG	Product	SINGLEPERIOD	01/13/2019	0	1	0.95000	0.00000	Type2	0.00000	0.00000	0.00000	0.00000	0.00000	0.00000	0.00000	66.42857	143.42794	Erratic						7.00000	10.00000	465.00000	s,S	0	465.00000				Mixture of Distributions	0.00000	0.00000	0.00000	233.00000	695.83918	Single	0	465.00000	0		0	465.00000	0.00000	0.00000	0.00000	1	232.50000	279.00000	232.50000	279.00000	0.00000	0.00000	465.00000	558.00000	4650.00000	Success	1
MFG	Product	SINGLEPERIOD	01/20/2019	0	1	0.95000	0.00000	Type2	0.00000	0.00000	0.00000	0.00000	0.00000	0.00000	0.00000	65.42857	143.42794	Erratic						7.00000	10.00000	458.00000	s,S	0	458.00000				Mixture of Distributions	0.00000	0.00000	0.00000	229.50000	691.97185	Single	0	458.00000	0		0	458.00000	0.00000	0.00000	0.00000	1	229.00000	274.80000	229.00000	274.80000	0.00000	0.00000	458.00000	549.60000	4580.00000	Success	1
MFG	Product	SINGLEPERIOD	01/27/2019	0	1	0.95000	0.00000	Type2	0.00000	0.00000	0.00000	0.00000	0.00000	0.00000	0.00000	101.42857	143.42794	Erratic						7.00000	10.00000	710.00000	s,S	0	710.00000				Mixture of Distributions	0.00000	0.00000	0.00000	355.50000	850.97000	Single	0	710.00000	0		0	710.00000	0.00000	0.00000	0.00000	1	355.00000	426.00000	355.00000	426.00000	0.00000	0.00000	710.00000	852.00000	7100.00000	Success	1
MFG	Product	SINGLEPERIOD	02/03/2019	0	1	0.95000	0.00000	Type2	0.00000	0.00000	0.00000	0.00000	0.00000	0.00000	0.00000	93.28571	143.42794	Erratic						7.00000	10.00000	653.00000	s,S	0	653.00000				Mixture of Distributions	0.00000	0.00000	0.00000	327.00000	811.72029	Single	0	653.00000	0		0	653.00000	0.00000	0.00000	0.00000	1	326.50000	391.80000	326.50000	391.80000	0.00000	0.00000	653.00000	783.60000	6530.00000	Success	1
MFG	Product	SINGLEPERIOD	02/10/2019	0	1	0.95000	0.00000	Type2	0.00000	0.00000	0.00000	0.00000	0.00000	0.00000	0.00000	76.42857	143.42794	Erratic						7.00000	10.00000	535.00000	s,S	0	535.00000				Mixture of Distributions	0.00000	0.00000	0.00000	268.00000	736.36865	Single	0	535.00000	0		0	535.00000	0.00000	0.00000	0.00000	1	267.50000	321.00000	267.50000	321.00000	0.00000	0.00000	535.00000	642.00000	5350.00000	Success	1
MFG	Product	SINGLEPERIOD	02/17/2019	0	1	0.95000	0.00000	Type2	0.00000	0.00000	0.00000	0.00000	0.00000	0.00000	0.00000	19.28571	143.42794	Erratic						7.00000	10.00000	135.00000	s,S	0	135.00000				Mixture of Distributions	0.00000	0.00000	0.00000	68.00000	559.18799	Single	0	135.00000	0		0	135.00000	0.00000	0.00000	0.00000	1	67.50000	81.00000	67.50000	81.00000	0.00000	0.00000	135.00000	162.00000	1350.00000	Success	1
MFG	Product	SINGLEPERIOD	02/24/2019	0	1	0.95000	0.00000	Type2	0.00000	0.00000	0.00000	0.00000	0.00000	0.00000	0.00000	64.14286	143.42794	Erratic						7.00000	10.00000	449.00000	s,S	0	449.00000				Mixture of Distributions	0.00000	0.00000	0.00000	225.00000	687.05110	Single	0	449.00000	0		0	449.00000	0.00000	0.00000	0.00000	1	224.50000	269.40000	224.50000	269.40000	0.00000	0.00000	449.00000	538.80000	4490.00000	Success	1
MFG	Product	SINGLEPERIOD	03/03/2019	0	1	0.95000	0.00000	Type2	0.00000	0.00000	0.00000	0.00000	0.00000	0.00000	0.00000	62.14286	143.42794	Erratic						7.00000	10.00000	435.00000	s,S	0	435.00000				Mixture of Distributions	0.00000	0.00000	0.00000	218.00000	679.51345	Single	0	435.00000	0		0	435.00000	0.00000	0.00000	0.00000	1	217.50000	261.00000	217.50000	261.00000	0.00000	0.00000	435.00000	522.00000	4350.00000	Success	1
MFG	Product	SINGLEPERIOD	03/10/2019	0	1	0.95000	0.00000	Type2	0.00000	0.00000	0.00000	0.00000	0.00000	0.00000	0.00000	29.28571	143.42794	Erratic						7.00000	10.00000	205.00000	s,S	0	205.00000				Mixture of Distributions	0.00000	0.00000	0.00000	103.00000	579.03696	Single	0	205.00000	0		0	205.00000	0.00000	0.00000	0.00000	1	102.50000	123.00000	102.50000	123.00000	0.00000	0.00000	205.00000	246.00000	2050.00000	Success	1
MFG	Product	SINGLEPERIOD	03/17/2019	0	1	0.95000	0.00000	Type2	0.00000	0.00000	0.00000	0.00000	0.00000	0.00000	0.00000	34.85714	143.42794	Erratic						7.00000	10.00000	244.00000	s,S	0	244.00000				Mixture of Distributions	0.00000	0.00000	0.00000	122.50000	592.57605	Single	0	244.00000	0		0	244.00000	0.00000	0.00000	0.00000	1	122.00000	146.40000	122.00000	146.40000	0.00000	0.00000	244.00000	292.80000	2440.00000	Success	1
MFG	Component	SINGLEPERIOD	12/23/2018	0	1	0.95000	0.00000	Type2	886.00000	0.00000	0.00000	886.00000	3.09945	106.32000	3.00000	285.85714	430.28382	Smooth						0.00000	3.00000	857.57143	R,Q	1743.00000	858.00000	0.88259	0.95006	0.95290	Normal	857.57143	745.27344	15.23647	1329.66504	1657.89898	Single	1743.00000	858.00000	1744.00000		1743.00000	2601.00000	0	0	886.00000	1	429.00000	51.48000	428.78571	51.45429	0.00000	0.00000	1743.78571	209.25429	1743.78571	Success	1
MFG	Component	SINGLEPERIOD	12/30/2018	0	1	0.95000	0.00000	Type2	981.00000	0.00000	0.00000	981.00000	4.47945	117.72000	3.00000	219.00000	430.28382	Smooth						0.00000	3.00000	657.00000	R,Q	1638.00000	657.00000	0.90596	0.95012	0.95570	Normal	657.00000	745.27344	13.94210	1323.44210	1635.83506	Single	1638.00000	657.00000	1639.00000		1638.00000	2295.00000	0	0	981.00000	1	328.50000	39.42000	328.50000	39.42000	0.00000	0.00000	1638.00000	196.56000	1638.00000	Success	1
MFG	Component	SINGLEPERIOD	01/06/2019	0	1	0.95000	0.00000	Type2	1014.00000	0.00000	0.00000	1014.00000	5.08817	121.68000	3.00000	199.28571	430.28382	Smooth						0.00000	3.00000	597.85714	R,Q	1611.00000	598.00000	0.91299	0.95006	0.95685	Normal	597.85714	745.27344	13.46206	1325.60492	1632.22040	Single	1611.00000	598.00000	1612.00000		1611.00000	2209.00000	0	0	1014.00000	1	299.00000	35.88000	298.92857	35.87143	0.00000	0.00000	1611.92857	193.43143	1611.92857	Success	1
MFG	Component	SINGLEPERIOD	01/13/2019	0	1	0.95000	0.00000	Type2	1019.00000	0.00000	0.00000	1019.00000	5.19141	122.28000	3.00000	196.28571	430.28382	Smooth						0.00000	3.00000	588.85714	R,Q	1607.00000	589.00000	0.91405	0.95003	0.95703	Normal	588.85714	745.27344	13.38833	1326.03118	1631.76171	Single	1607.00000	589.00000	1608.00000		1607.00000	2196.00000	0	0	1019.00000	1	294.50000	35.34000	294.42857	35.33143	0.00000	0.00000	1607.92857	192.95143	1607.92857	Success	1
MFG	Component	SINGLEPERIOD	01/20/2019	0	1	0.95000	0.00000	Type2	864.00000	0.00000	0.00000	864.00000	2.83944	103.68000	3.00000	304.28571	430.28382	Smooth						0.00000	3.00000	912.85714	R,Q	1776.00000	913.00000	0.87660	0.95013	0.95247	Normal	912.85714	745.27344	15.47854	1335.12140	1667.05597	Single	1776.00000	913.00000	1777.00000		1776.00000	2689.00000	0	0	864.00000	1	456.50000	54.78000	456.42857	54.77143	0.00000	0.00000	1776.92857	213.23143	1776.92857	Success	1
MFG	Component	SINGLEPERIOD	01/27/2019	0	1	0.95000	0.00000	Type2	894.00000	0.00000	0.00000	894.00000	3.19449	107.28000	3.00000	279.85714	430.28382	Smooth						0.00000	3.00000	839.57143	R,Q	1733.00000	840.00000	0.88470	0.95010	0.95311	Normal	839.57143	745.27344	15.12984	1328.55841	1655.21635	Single	1733.00000	840.00000	1734.00000		1733.00000	2573.00000	0	0	894.00000	1	420.00000	50.40000	419.78571	50.37429	0.00000	0.00000	1733.78571	208.05429	1733.78571	Success	1
MFG	Component	SINGLEPERIOD	02/03/2019	0	1	0.95000	0.00000	Type2	965.00000	0.00000	0.00000	965.00000	4.20872	115.80000	3.00000	229.28571	430.28382	Smooth						0.00000	3.00000	687.85714	R,Q	1652.00000	688.00000	0.90211	0.95002	0.95506	Normal	687.85714	745.27344	14.20987	1322.35273	1638.19518	Single	1652.00000	688.00000	1653.00000		1652.00000	2340.00000	0	0	965.00000	1	344.00000	41.28000	343.92857	41.27143	0.00000	0.00000	1652.92857	198.35143	1652.92857	Success	1
MFG	Component	SINGLEPERIOD	02/10/2019	0	1	0.95000	0.00000	Type2	1402.00000	0.00000	0.00000	1402.00000	24.23210	168.24000	3.00000	57.85714	430.28382	Smooth						0.00000	3.00000	173.57143	R,Q	1575.00000	174.00000	0.96997	0.95019	0.97685	Normal	173.57143	745.27344	6.46841	1494.89698	1625.44730	Single	1575.00000	174.00000	1576.00000		1575.00000	1749.00000	0	0	1402.00000	1	87.00000	10.44000	86.78571	10.41429	0.00000	0.00000	1575.78571	189.09429	1575.78571	Success	1
MFG	Component	SINGLEPERIOD	02/17/2019	0	1	0.95000	0.00000	Type2	1026.00000	0.00000	0.00000	1026.00000	5.33185	123.12000	3.00000	192.42857	430.28382	Smooth						0.00000	3.00000	577.28571	R,Q	1603.00000	578.00000	0.91563	0.95020	0.95742	Normal	577.28571	745.27344	13.23724	1327.95152	1631.23190	Single	1603.00000	578.00000	1604.00000		1603.00000	2181.00000	0	0	1026.00000	1	289.00000	34.68000	288.64286	34.63714	0.00000	0.00000	1603.64286	192.43714	1603.64286	Success	1
MFG	Component	SINGLEPERIOD	02/24/2019	0	1	0.95000	0.00000	Type2	1036.00000	0.00000	0.00000	1036.00000	5.55709	124.32000	3.00000	186.42857	430.28382	Smooth						0.00000	3.00000	559.28571	R,Q	1595.00000	560.00000	0.91769	0.95008	0.95776	Normal	559.28571	745.27344	13.09563	1328.80992	1630.43519	Single	1595.00000	560.00000	1596.00000		1595.00000	2155.00000	0	0	1036.00000	1	280.00000	33.60000	279.64286	33.55714	0.00000	0.00000	1595.64286	191.47714	1595.64286	Success	1
MFG	Component	SINGLEPERIOD	03/03/2019	0	1	0.95000	0.00000	Type2	1278.00000	0.00000	0.00000	1278.00000	14.54634	153.36000	3.00000	87.85714	430.28382	Smooth						0.00000	3.00000	263.57143	R,Q	1541.00000	264.00000	0.95674	0.95011	0.97004	Normal	263.57143	745.27344	8.69098	1418.11955	1625.54366	Single	1541.00000	264.00000	1542.00000		1541.00000	1805.00000	0	0	1278.00000	1	132.00000	15.84000	131.78571	15.81429	0.00000	0.00000	1541.78571	185.01429	1541.78571	Success	1
MFG	Component	SINGLEPERIOD	03/10/2019	0	1	0.95000	0.00000	Type2	1225.00000	0.00000	0.00000	1225.00000	11.71448	147.00000	3.00000	104.57143	430.28382	Smooth						0.00000	3.00000	313.71429	R,Q	1538.00000	314.00000	0.94978	0.95016	0.96710	Normal	313.71429	745.27344	9.68779	1390.97351	1625.70876	Single	1538.00000	314.00000	1539.00000		1538.00000	1852.00000	0	0	1225.00000	1	157.00000	18.84000	156.85714	18.82286	0.00000	0.00000	1538.85714	184.66286	1538.85714	Success	1
