AggDemand_Summary: [(CZ FG1 1) [2.00000 0.00000 2.00000 0.00000 1.00000 1.00000 0.00000 1.00000 CZ FG1 Served
 SINGLEPERIOD 1 ''] (CZ FG2 1) [2.00000 0.00000 2.00000 0.00000 1.00000 1.00000 0.00000 1.00000 CZ FG2 Served
 SINGLEPERIOD 1 ''] (CZ FG3 1) [2.00000 0.00000 2.00000 0.00000 1.00000 1.00000 0.00000 1.00000 CZ FG3 Served
 SINGLEPERIOD 1 '']]
output_CustFlowSummary: [(DC CZ FG1 1 1) [1.00000 2.00000 1.00000 0.00000 0.00000 0.00000 0.00000 0.00000 0.00000 0.00000
 0.00000 0.00000 0.00000 DC CZ FG1 1 SINGLEPERIOD SINGLEPERIOD 1 1 0.00000
 1.00000 0.00000 0.00000 0.00000 0.00000 0.00000 0.00000 0.00000 0.00000 0.00000
 ''] (DC CZ FG2 1 1) [1.00000 2.00000 1.00000 0.00000 0.00000 0.00000 0.00000 0.00000 0.00000 0.00000
 0.00000 0.00000 0.00000 DC CZ FG2 1 SINGLEPERIOD SINGLEPERIOD 1 1 0.00000
 1.00000 0.00000 0.00000 0.00000 0.00000 0.00000 0.00000 0.00000 0.00000 0.00000
 ''] (DC CZ FG3 1 1) [1.00000 2.00000 1.00000 0.00000 0.00000 0.00000 0.00000 0.00000 0.00000 0.00000
 0.00000 0.00000 0.00000 DC CZ FG3 1 SINGLEPERIOD SINGLEPERIOD 1 1 0.00000
 1.00000 0.00000 0.00000 0.00000 0.00000 0.00000 0.00000 0.00000 0.00000 0.00000
 '']]
output_ReturnFlowSummary: []
output_DisposalFlowSummary: []
output_TrashFlowSummary: []
output_IntFacFlowSummary: [(MFG DC FG1 1 1) [100.00000 50.00000 0.00000 0.00000 0.00000 0.00000 0.00000 0.00000 0.00000
 0.00000 0.00000 0.00000 MFG DC FG1 1 SINGLEPERIOD SINGLEPERIOD 1 1 1.00000
 0.00000 0.00000 0.00000 0.00000 0.00000 0.00000 0.00000 0.00000 0.00000 0.00000
 0.00000 0.00000 0.00000 ''] (MFG DC FG2 1 1) [100.00000 50.00000 0.00000 0.00000 0.00000 0.00000 0.00000 0.00000 0.00000
 0.00000 0.00000 0.00000 MFG DC FG2 1 SINGLEPERIOD SINGLEPERIOD 1 1 1.00000
 0.00000 0.00000 0.00000 0.00000 0.00000 0.00000 0.00000 0.00000 0.00000 0.00000
 0.00000 0.00000 0.00000 '']
 (MFG DC FG3 1 1) [100.00000 50.00000 0.00000 0.00000 0.00000 0.00033 1.00000 120.00000 0.00000
 0.00000 0.00033 0.00000 MFG DC FG3 1 SINGLEPERIOD SINGLEPERIOD 1 1 1.00000
 0.00000 0.00000 0.00000 0.00000 0.00000 0.00000 0.00000 0.00000 0.00000 0.00000
 0.00000 0.00000 0.00000 '']]
output_ProductionsSummary: [(MFG FG1 1) [MFG FG1 1.00000 1.00000 0.00000 0.00000 0.00000 0.00000 0.00000 0.00000 0.00000
 0.00000 0.00000 SINGLEPERIOD SINGLEPERIOD 1 1 1.00000 0.00000 '']
 (MFG FG2 1) [MFG FG2 1.00000 1.00000 0.00000 0.00000 0.00000 0.00000 0.00000 0.00000 0.00000
 0.00000 0.00000 SINGLEPERIOD SINGLEPERIOD 1 1 1.00000 0.00000 '']
 (MFG FG3 1) [MFG FG3 1.00000 1.00000 0.00000 0.00000 0.00000 0.00000 0.00000 0.00000 0.00000
 0.00000 0.00000 SINGLEPERIOD SINGLEPERIOD 1 1 1.00000 0.00000 '']]
output_BOMSummary: []
output_BOMcompSummary: []
output_ProcessSummary: []
output_CustSummary: [(CZ 1) [3.00000 6.00000 0.00000 0.00000 3.00000 Served 0.00000 CZ Include SINGLEPERIOD
 1 3.00000 0.00000 100.00000 '']]
output_FacSummary: [(DC 1) [0.00000 0.00000 0.00000 0.00000 0.00000 0.00000 0.00000 0.04932 0.00000 3.00000
 3.00000 0.00000 0.00000 0.00000 0.00000 0.00000 0.00000 0.00000 Open Quantity
 0.04932 0.00000 0.00000 0.00000 -1.00000 0.00000 0.00000 0.00000 -1.00000
 0.00000 0.00000 DC 'Existing Facility' Include SINGLEPERIOD 1 0.00000 0.00000
 0.00000 ''] (MFG 1) [0.00000 0.00000 0.00000 0.00000 0.00000 0.00000 0.00000 0.00000 0.00000 3.00000
 3.00000 0.00000 0.00000 0.00000 0.00000 0.00000 0.00000 0.00000 Open Quantity
 0.00000 0.00000 0.00000 0.00000 -1.00000 0.00000 0.00000 0.00000 -1.00000
 0.00000 0.00000 MFG 'Existing Facility' Include SINGLEPERIOD 1 0.00000 0.00000
 0.00000 '']]
output_WCSummary: []
output_TransportationAssetSummary: []
output_Inventory: [(DC FG1 1) [DC FG1 0.00000 0.00000 0.00000 50.00000 0.00000 0.01644 0.00000 50.00000 0.00000
 0.00000 0.00000 SINGLEPERIOD 1 '' 0.00000] (DC FG2 1) [DC FG2 0.00000 0.00000 0.00000 50.00000 0.00000 0.01644 0.00000 50.00000 0.00000
 0.00000 0.00000 SINGLEPERIOD 1 '' 0.00000]
 (DC FG3 1) [DC FG3 0.00000 0.00000 0.00000 50.00000 0.00000 0.01644 0.00000 50.00000 0.00000
 0.00000 0.00000 SINGLEPERIOD 1 '' 0.00000]]
output_WorkResourceSummary: []
output_ProductSummary: [(FG1 1) [2.00000 0.00000 0.00000 0.00000 0.00000 0.00000 0.01644 0.00000 FG1 1.98356
 0.01644 0.00000 0.00000 0.00000 SINGLEPERIOD 1 0 0.00000] (FG2 1) [2.00000 0.00000 0.00000 0.00000 0.00000 0.00000 0.01644 0.00000 FG2 1.98356
 0.01644 0.00000 0.00000 0.00000 SINGLEPERIOD 1 0 0.00000]
 (FG3 1) [2.00000 0.00000 0.00000 0.00000 0.00000 0.00000 0.01644 0.00000 FG3 1.98356
 0.01644 0.00000 0.00000 0.00000 SINGLEPERIOD 1 0 0.00000]]
output_NetworkSummary: ['Solve Optimally(MaxProfit)' 1 5.95036 0.04964 6.00000 0.00000 0.00000 0.00000
 0.00000 0.00000 0.00000 0.00000 0.00000 0.00000 0.00000 0.04964 0.00000 0.00000
 0.00000 0.00017 0.00000 0.00000 0.00000 0.00000 0.00000 0.00000 0.00000]
output_ExpressionSummary: []
output_CostSummary: []
output_ConstraintSummary: []
output_TaxDutySummary: []
output_TaxDutyFlow: []
output_OrganizationSummary: []
output_FacilityDemandSummary: []
ScenarioID: 0
ScenarioStepNumber: 1
